37.715355 -122.513186
37.719894 -122.513186
37.724433 -122.513186
37.728972 -122.513186
37.733511 -122.513186
37.738050 -122.513186
37.742589 -122.513186
37.747128 -122.513186
37.751667 -122.513186
37.756207 -122.513186
37.760746 -122.513186
37.765285 -122.513186
37.769824 -122.513186
37.774363 -122.513186
37.778902 -122.513186
37.783441 -122.513186
37.787980 -122.513186
37.792519 -122.513186
37.797058 -122.513186
37.801597 -122.513186
37.715355 -122.506356
37.719894 -122.506356
37.724433 -122.506356
37.728972 -122.506356
37.733511 -122.506356
37.738050 -122.506356
37.742589 -122.506356
37.747128 -122.506356
37.751667 -122.506356
37.756207 -122.506356
37.760746 -122.506356
37.765285 -122.506356
37.769824 -122.506356
37.774363 -122.506356
37.778902 -122.506356
37.783441 -122.506356
37.787980 -122.506356
37.792519 -122.506356
37.797058 -122.506356
37.801597 -122.506356
37.715355 -122.499526
37.719894 -122.499526
37.724433 -122.499526
37.728972 -122.499526
37.733511 -122.499526
37.738050 -122.499526
37.742589 -122.499526
37.747128 -122.499526
37.751667 -122.499526
37.756207 -122.499526
37.760746 -122.499526
37.765285 -122.499526
37.769824 -122.499526
37.774363 -122.499526
37.778902 -122.499526
37.783441 -122.499526
37.787980 -122.499526
37.792519 -122.499526
37.797058 -122.499526
37.801597 -122.499526
37.715355 -122.492697
37.719894 -122.492697
37.724433 -122.492697
37.728972 -122.492697
37.733511 -122.492697
37.738050 -122.492697
37.742589 -122.492697
37.747128 -122.492697
37.751667 -122.492697
37.756207 -122.492697
37.760746 -122.492697
37.765285 -122.492697
37.769824 -122.492697
37.774363 -122.492697
37.778902 -122.492697
37.783441 -122.492697
37.787980 -122.492697
37.792519 -122.492697
37.797058 -122.492697
37.801597 -122.492697
37.715355 -122.485867
37.719894 -122.485867
37.724433 -122.485867
37.728972 -122.485867
37.733511 -122.485867
37.738050 -122.485867
37.742589 -122.485867
37.747128 -122.485867
37.751667 -122.485867
37.756207 -122.485867
37.760746 -122.485867
37.765285 -122.485867
37.769824 -122.485867
37.774363 -122.485867
37.778902 -122.485867
37.783441 -122.485867
37.787980 -122.485867
37.792519 -122.485867
37.797058 -122.485867
37.801597 -122.485867
37.715355 -122.479037
37.719894 -122.479037
37.724433 -122.479037
37.728972 -122.479037
37.733511 -122.479037
37.738050 -122.479037
37.742589 -122.479037
37.747128 -122.479037
37.751667 -122.479037
37.756207 -122.479037
37.760746 -122.479037
37.765285 -122.479037
37.769824 -122.479037
37.774363 -122.479037
37.778902 -122.479037
37.783441 -122.479037
37.787980 -122.479037
37.792519 -122.479037
37.797058 -122.479037
37.801597 -122.479037
37.715355 -122.472207
37.719894 -122.472207
37.724433 -122.472207
37.728972 -122.472207
37.733511 -122.472207
37.738050 -122.472207
37.742589 -122.472207
37.747128 -122.472207
37.751667 -122.472207
37.756207 -122.472207
37.760746 -122.472207
37.765285 -122.472207
37.769824 -122.472207
37.774363 -122.472207
37.778902 -122.472207
37.783441 -122.472207
37.787980 -122.472207
37.792519 -122.472207
37.797058 -122.472207
37.801597 -122.472207
37.715355 -122.465378
37.719894 -122.465378
37.724433 -122.465378
37.728972 -122.465378
37.733511 -122.465378
37.738050 -122.465378
37.742589 -122.465378
37.747128 -122.465378
37.751667 -122.465378
37.756207 -122.465378
37.760746 -122.465378
37.765285 -122.465378
37.769824 -122.465378
37.774363 -122.465378
37.778902 -122.465378
37.783441 -122.465378
37.787980 -122.465378
37.792519 -122.465378
37.797058 -122.465378
37.801597 -122.465378
37.715355 -122.458548
37.719894 -122.458548
37.724433 -122.458548
37.728972 -122.458548
37.733511 -122.458548
37.738050 -122.458548
37.742589 -122.458548
37.747128 -122.458548
37.751667 -122.458548
37.756207 -122.458548
37.760746 -122.458548
37.765285 -122.458548
37.769824 -122.458548
37.774363 -122.458548
37.778902 -122.458548
37.783441 -122.458548
37.787980 -122.458548
37.792519 -122.458548
37.797058 -122.458548
37.801597 -122.458548
37.715355 -122.451718
37.719894 -122.451718
37.724433 -122.451718
37.728972 -122.451718
37.733511 -122.451718
37.738050 -122.451718
37.742589 -122.451718
37.747128 -122.451718
37.751667 -122.451718
37.756207 -122.451718
37.760746 -122.451718
37.765285 -122.451718
37.769824 -122.451718
37.774363 -122.451718
37.778902 -122.451718
37.783441 -122.451718
37.787980 -122.451718
37.792519 -122.451718
37.797058 -122.451718
37.801597 -122.451718
37.715355 -122.444889
37.719894 -122.444889
37.724433 -122.444889
37.728972 -122.444889
37.733511 -122.444889
37.738050 -122.444889
37.742589 -122.444889
37.747128 -122.444889
37.751667 -122.444889
37.756207 -122.444889
37.760746 -122.444889
37.765285 -122.444889
37.769824 -122.444889
37.774363 -122.444889
37.778902 -122.444889
37.783441 -122.444889
37.787980 -122.444889
37.792519 -122.444889
37.797058 -122.444889
37.801597 -122.444889
37.715355 -122.438059
37.719894 -122.438059
37.724433 -122.438059
37.728972 -122.438059
37.733511 -122.438059
37.738050 -122.438059
37.742589 -122.438059
37.747128 -122.438059
37.751667 -122.438059
37.756207 -122.438059
37.760746 -122.438059
37.765285 -122.438059
37.769824 -122.438059
37.774363 -122.438059
37.778902 -122.438059
37.783441 -122.438059
37.787980 -122.438059
37.792519 -122.438059
37.797058 -122.438059
37.801597 -122.438059
37.715355 -122.431229
37.719894 -122.431229
37.724433 -122.431229
37.728972 -122.431229
37.733511 -122.431229
37.738050 -122.431229
37.742589 -122.431229
37.747128 -122.431229
37.751667 -122.431229
37.756207 -122.431229
37.760746 -122.431229
37.765285 -122.431229
37.769824 -122.431229
37.774363 -122.431229
37.778902 -122.431229
37.783441 -122.431229
37.787980 -122.431229
37.792519 -122.431229
37.797058 -122.431229
37.801597 -122.431229
37.715355 -122.424399
37.719894 -122.424399
37.724433 -122.424399
37.728972 -122.424399
37.733511 -122.424399
37.738050 -122.424399
37.742589 -122.424399
37.747128 -122.424399
37.751667 -122.424399
37.756207 -122.424399
37.760746 -122.424399
37.765285 -122.424399
37.769824 -122.424399
37.774363 -122.424399
37.778902 -122.424399
37.783441 -122.424399
37.787980 -122.424399
37.792519 -122.424399
37.797058 -122.424399
37.801597 -122.424399
37.715355 -122.41757
37.719894 -122.41757
37.724433 -122.41757
37.728972 -122.41757
37.733511 -122.41757
37.738050 -122.41757
37.742589 -122.41757
37.747128 -122.41757
37.751667 -122.41757
37.756207 -122.41757
37.760746 -122.41757
37.765285 -122.41757
37.769824 -122.41757
37.774363 -122.41757
37.778902 -122.41757
37.783441 -122.41757
37.787980 -122.41757
37.792519 -122.41757
37.797058 -122.41757
37.801597 -122.41757
37.715355 -122.41074
37.719894 -122.41074
37.724433 -122.41074
37.728972 -122.41074
37.733511 -122.41074
37.738050 -122.41074
37.742589 -122.41074
37.747128 -122.41074
37.751667 -122.41074
37.756207 -122.41074
37.760746 -122.41074
37.765285 -122.41074
37.769824 -122.41074
37.774363 -122.41074
37.778902 -122.41074
37.783441 -122.41074
37.787980 -122.41074
37.792519 -122.41074
37.797058 -122.41074
37.801597 -122.41074
37.715355 -122.40391
37.719894 -122.40391
37.724433 -122.40391
37.728972 -122.40391
37.733511 -122.40391
37.738050 -122.40391
37.742589 -122.40391
37.747128 -122.40391
37.751667 -122.40391
37.756207 -122.40391
37.760746 -122.40391
37.765285 -122.40391
37.769824 -122.40391
37.774363 -122.40391
37.778902 -122.40391
37.783441 -122.40391
37.787980 -122.40391
37.792519 -122.40391
37.797058 -122.40391
37.801597 -122.40391
37.715355 -122.39708
37.719894 -122.39708
37.724433 -122.39708
37.728972 -122.39708
37.733511 -122.39708
37.738050 -122.39708
37.742589 -122.39708
37.747128 -122.39708
37.751667 -122.39708
37.756207 -122.39708
37.760746 -122.39708
37.765285 -122.39708
37.769824 -122.39708
37.774363 -122.39708
37.778902 -122.39708
37.783441 -122.39708
37.787980 -122.39708
37.792519 -122.39708
37.797058 -122.39708
37.801597 -122.39708
37.715355 -122.390251
37.719894 -122.390251
37.724433 -122.390251
37.728972 -122.390251
37.733511 -122.390251
37.738050 -122.390251
37.742589 -122.390251
37.747128 -122.390251
37.751667 -122.390251
37.756207 -122.390251
37.760746 -122.390251
37.765285 -122.390251
37.769824 -122.390251
37.774363 -122.390251
37.778902 -122.390251
37.783441 -122.390251
37.787980 -122.390251
37.792519 -122.390251
37.797058 -122.390251
37.801597 -122.390251
37.715355 -122.383421
37.719894 -122.383421
37.724433 -122.383421
37.728972 -122.383421
37.733511 -122.383421
37.738050 -122.383421
37.742589 -122.383421
37.747128 -122.383421
37.751667 -122.383421
37.756207 -122.383421
37.760746 -122.383421
37.765285 -122.383421
37.769824 -122.383421
37.774363 -122.383421
37.778902 -122.383421
37.783441 -122.383421
37.787980 -122.383421
37.792519 -122.383421
37.797058 -122.383421
37.801597 -122.383421
